!
10.090241781461518, 287.9310342964625
10.090241781461518, 10.098514413633662
287.9409500627895, 10.098514413633662
287.9409500627895, 287.9310342964625
!
# 0

!
22.395402595643976, 22.90640340282641
275.1435900260993, 22.90640340282641
275.1435900260993, 275.369458236848
22.395402595643976, 275.369458236848
!
# 0

!
79.49139113255053, 126.35467683494555
123.05168700185108, 125.86207352572302
123.297797878823, 85.96059663047707
74.32322043619283, 85.46797077132048
57.83428737066815, 93.34975901848556
45.775237433457626, 107.8817708649243
39.62264576064833, 123.64532480932046
39.62264576064833, 176.35467941879216
44.29861723449829, 192.61083667241093
57.588199025132354, 206.89654686423836
78.75308103307086, 213.54679301344603
!
# 2
3
7

!
123.78999710133074, 217.9802904462511
124.28219632383848, 172.41379657017663
84.90567270588015, 172.66009822478793
84.90567270588015, 221.92118456983368
91.30435272422525, 237.19211829255676
105.82444383684673, 249.50738706007644
122.3133769023714, 255.9113315546728
178.17883358585442, 255.9113315546728
196.14438685033844, 249.01477811337037
208.44954766452088, 234.48276062944817
213.3716300153428, 218.2266033758294
!
# 2
3
7

!
x, y
218.53980071170048, 173.1527128089775
174.24119474292027, 173.1527128089775
174.24119474292027, 212.5615751200339
223.2157496541143, 212.5615751200339
238.72026174318736, 205.17241273202538
250.77935674327017, 190.64038961061962
256.93192588464336, 176.35467941879216
257.17801423017914, 119.45811775615961
250.5332233348621, 102.95567012289665
238.96639515159546, 90.88669737250473
219.27811081118014, 83.99013829371873
!
# 2
3
7

!
x, y
173.7489729889764, 80.78818295887106
173.7489729889764, 124.13792811854302
211.89500981638344, 124.13792811854302
211.89500981638344, 76.60097590571023
204.2657979446148, 59.35961203364641
186.79246643407467, 45.3202034964302
172.76457454396092, 41.625622302425995
119.36013650445273, 41.625622302425995
101.1484948944329, 49.999991308879565
89.33553330275818, 62.56156736849407
85.15176105141595, 80.78818295887106
!
# 2
3
7

!
!