!
7.979629076195088 2.8896452040263108
293.88796898626515 2.8896452040263108
293.88796898626515 296.05954265427465
7.979629076195088 296.05954265427465
!
# 0

!
20.543306671298016 15.499102296845924
281.32432247867814 15.499102296845924
281.32432247867814 282.7495568270441
20.543306671298016 282.7495568270441
!
# 0

!
128.86250209322608 47.022767075306476
201.5280161729693 202.88966190585322
225.6366956416132 202.88966190585322
197.45331328672142 142.2942099763299
211.71477338858898 151.7513027959446
227.33447814837783 149.29946926136984
231.4091810346257 134.58843598641363
192.0203968300682 47.022767075306476
166.55350379101895 47.022767075306476
201.18847832412592 125.83187390542906
201.8675851093286 131.08581436077057
197.45331328672142 133.18739054290717
194.05774827319212 128.98423817863397
156.02717763903996 46.67249368911449
!
# 2
3
9

!
37.521225001492205 59.63222416812609
31.409170672120386 47.3730083939908
98.30223044636699 46.67249368911449
110.86587695395401 48.42379648505911
120.71309632073033 54.37828371278459
128.18336422050749 66.63746741941222
195.75553077995679 216.9001644421793
199.49066472984535 222.85463563615093
204.24450548881182 225.30646917072568
210.01699088182434 226.00699990935584
260.27167017472016 225.6567425569177
266.38372450409196 237.91592626354532
204.9236122740145 238.61645700217545
197.11377543787805 237.215411558669
191.3412589573496 234.06304728546408
187.606125007461 229.15936418256075
118.67574487760639 76.79507494390323
114.60104199135851 69.78983169261711
109.16809444718936 63.48510314620731
100.67911973833431 59.63222416812609
!
# 4
2
6
12
16


!
45.33109292514458 77.14534833009522
39.55857644461614 64.5358912372756
97.9626615100077 64.18561785108362
105.43296049730078 66.63746741941222
109.84720123239204 70.84061978368541
113.58236626979654 76.4448336252189
182.85231533601046 229.8598949211909
186.24788034953974 236.16462346760068
191.68082789370888 241.0682905367502
199.49066472984535 243.16986671888682
268.0815380983725 242.81960936644865
273.85399240386914 255.0788091068301
198.47198900828337 255.42906645926826
187.606125007461 253.32749027713166
179.11715029860596 247.723292469352
172.66555812039076 239.66724509324376
104.75382262458218 88.00350262697022
101.3582576110529 81.34850069436843
96.94398578844573 77.84586303497154
92.19017611699518 77.14534833009522
!
# 4
2
6
12
16

!
43.63327933086402 112.5218860739793
37.18168715264883 98.86162485633756
86.41765963646674 98.16111015146124
94.22752756011911 99.56217162872154
100.00001295313164 104.11556531167906
104.4142847757388 110.07005253940454
169.60953095570486 254.72854373751503
120.71309632073033 255.0788091068301
111.88455267551598 252.27670218606337
105.43296049730078 247.02276173072187
101.3582576110529 242.1190786278185
71.47709274939649 176.26970227670753
68.76063452106987 161.5586690017513
76.57047135720634 153.50262162564306
97.6230925736484 155.60419780777966
83.36163247178084 120.92819080252572
81.3242810286569 116.72503843825251
78.60782280033028 114.27320490367775
74.87268885044169 112.87214342641747
!
# 4
2
7
11
15

!
105.77249834614416 172.4168072648725
133.61631176467662 230.91068301225917
133.61631176467662 236.51488082003885
130.22071566363144 239.66724509324376
124.7877992069782 236.51488082003885
96.60441685208643 175.91942889051555
95.92531006688377 168.9141856392294
101.69779545989628 167.51312416196913
105.77249834614416 172.4168072648725
!
# 2
1
5

!
!