!
117.73398196463818 282.0049296577424
105.66503193427657 264.7493841454144
102.4630540946226 258.8331967902096
101.72413786623584 251.43796259620368
104.43348985367612 243.54970902785334
166.9950788903794 144.20706678311677
172.41378286525998 133.6072235822203
172.90640871747365 122.7608876204994
168.71920172332608 109.44946607128865
120.93595980429214 36.23664755062934
156.1576258407508 35.99013222134124
162.80787189623183 37.22266373085434
168.71920172332608 41.413311486433535
173.15269909364676 45.603936673549
196.3054150997438 79.12900587586408
199.7536833155709 83.07311573369145
203.4482644575048 87.01724815998259
207.88176182782547 88.98930308889626
230.29558415546947 89.48233374747247
227.0935837658818 87.75677157938316
223.1527122477748 85.29168599189327
219.21184072966776 81.10106080477776
189.40885611815594 38.45521780883113
186.45319120460883 34.511085382539996
183.25123591488858 32.29251512433821
179.8029451491278 31.306476375649524
83.99014838495309 31.05998361482511
128.32512208815996 95.64501386350166
130.78818369942712 102.54723996739511
130.54187077332028 110.4354822515136
128.5714350142668 116.3516696067184
69.7044271194974 209.77813578048202
55.41872840397545 190.5505268760664
52.216750564321494 184.14133143074912
52.216750564321494 177.48562065614377
55.17241547786862 171.56943330093895
99.01478587879554 102.05423187728263
101.477824940129 95.89152919278972
101.72413786623584 88.98930308889626
98.76847295268871 81.34757613406587
53.20197971881511 14.050944968611372
183.4975262910617 13.557914310035123
190.14777234654272 15.776484568236906
195.56649887135703 20.460140413928624
200.73891247006452 26.869335859245915
228.57141622265536 67.54312392627887
231.77341661224304 71.48725635256996
237.1921205871236 74.93835812028485
242.11824380965797 76.17091219826168
251.72415477868614 75.92439686897357
233.2512490690166 105.01232555488505
201.97043200073122 104.51929489630884
195.81281179746387 103.04024805750764
190.39408527264956 98.84962287039212
185.71427497622204 93.42644360529982
157.14285499524442 51.52012402875378
150.73892186587022 51.76663935804192
191.87191772942313 113.88660658769223
198.27585085879733 126.45850471750242
199.26108001329095 138.78388751802447
195.3201859452502 159.98356263558563
!
# 13
1
5
10
14
18
22
27
32
36
41
45
51
57

!
94.08866265626118 246.7543123926279
80.29556724301918 227.03368975598386
76.84729902719211 221.36400644583532
76.84729902719211 213.96877225182934
80.04925431691234 206.32703401276711
135.71428437202778 117.091193026119
138.6699492855749 110.68199758080172
138.42363635946805 104.76581022559694
135.71428437202778 97.86358412170344
95.56649511303475 36.483140311453674
114.03940082270427 36.23664755062934
158.620687452018 104.02628680619637
165.76353680977894 119.80279394289703
164.77833020521908 134.34674700162088
159.8522069826847 143.96055145382869
!
# 3
1
5
11

!
!